23192161
7158636
7920508
7947135
1899285
17436417
9192833
20343352
667674
26110366
14438350
7700
754718
707356
1878532
687634
23848306
3990816
8622749
5574516
723497
6430283
7244103
8922021
18479414
9206204
760888
753983
8798130
17433406
20746251
863029
9207733
20058632
3556365
9055153
1346856
868913
9702869
723779
668483
729154
2468726
14394509
653904
9433558
697686
26072787
7753238
759402
11541969
5975608
2658380
23445251
1878647
4816935
687717
677242
14767760
788863
757107
819831
121978
753014
711029
760719
18908580
712067
756639
3133625
1212040
8110305
1318280
3611816
10741564
711086
8038108
788132
766880
9064229
655544
757176
751807
27012648
757170
1985700
762288
754614
741833
7930047
22486416
5226118
9058624
767168
23252398
7130529
575687
1318341
15998502
17433309
11105137
5017495
1871553
1359817
1808837
761557
742357
6205057
738280
786927
8980074
13111339
27308874
761575
7691416
756453
13105975
4886459
25248370
745208
11807303
17455353
8841586
3387334
27311958
5718432
3046614
752115
754675
9353846
12526150
