9220239,2931
819208,303
20025652,2073
11870387,1730
585742,2842
811012,3474
11399332,1864
20066622,2082
14967029,2969
17432862,1078
819226,3381
2781234,1954
26071447,2771
9011348,1706
9121942,1361
5124177,2157
819219,3380
20025617,1031
794668,2264
21770606,1242
19439883,1757
585772,2843
19796230,1935
3612702,1623
819238,3383
819232,3382
10109110,3589
23576906,3096
24072540,1049
9064638,2034
9355451,433
2199572,1953
24269127,586
13136126,3176
876602,2280
26898848,3226
9179313,709
835661,2492
3612789,1626
3133549,1961
13500557,1923
7143470,3325
13127820,1962
17432910,948
835656,2246
852041,2297
20025717,1170
5304342,2014
19034468,2068
20066676,2083
9150668,97
3604607,1608
23253288,2091
14778538,2678
10109137,3590
872512,3437
835651,2245
2588776,3049
24072511,1167
1364036,2882
23007501,2089
3616867,1990
2142329,2500
9179350,111
13025436,3525
19562865,3014
7397422,3575
11870442,392
10330365,1720
11219146,611
19439946,1189
11870422,1731
3604563,1606
3612754,1625
20025684,1310
761965,2509
581742,2830
15532170,1741
14815370,2964
585826,2844
9658595,3158
17346940,2064
2519135,2609
24269064,802
835702,3537
3600458,1975
864369,2293
16855420,2414
9470190,3155
10293277,645
21770703,1099
3616947,1991
18629017,3529
11227180,865
20066747,2084
8609801,1683
7799037,3578
17432961,1747
1863825,1947
9756698,2934
19132844,1235
3600548,1976
14733426,2961
24269281,403
6230216,3059
3379371,1964
22286793,2087
794770,3471
24072654,1281
3539092,1597
11657235,2045
3612820,1628
11788311,1728
9703472,2269
762031,3392
13111407,244
12005407,2113
9150497,3153
23261647,659
11804697,227
9220130,1587
20025759,2074
11468800,3165
762042,3393
585914,2845
8556592,2924
3612804,1627
3739786,2165
3616897,2600
9064509,2031
151739,2788
17433008,960
835766,2493
20066703,1107
6643931,2912
13029383,2114
18883043,3204
4817034,3351
9289800,2673
7930047,883
24482226,316
26841438,3224
10293333,2041
17437122,1119
3617023,2602
20066808,1236
28066150,3251
19132904,2502
10911851,2128
3539195,2487
180429,2790
20099581,3329
20066786,972
13029399,2115
14401545,772
782552,2250
8110254,1680
10309704,2937
19132917,2503
4120809,1634
9064530,2032
3617007,2601
782546,2249
12079202,2947
1843392,1566
8056998,2024
26841415,3223
11804756,1729
7930013,3286
2564288,2451
3616991,1992
1978615,1949
9011298,1705
16388116,2985
17760767,70
9470050,3154
9064569,2033
26214757,2772
3604673,1609
5087418,1664
19132888,2501
11251797,2044
20066358,2079
3604799,1613
22593617,409
1978644,2290
835842,3384
27476144,3245
27259019,3233
774431,3454
4120872,1658
20586540,2768
864532,3546
21770326,1095
22007893,845
3600681,1978
10834309,965
24051791,3109
586027,2846
17883188,1697
8368475,2166
4120856,1657
831780,3535
3617054,1993
25596079,2223
188716,2791
15315419,2236
815417,3335
3604737,1612
11731338,1727
9466320,2037
860495,2277
856392,2499
8110397,522
20066427,348
835909,3538
14733740,2962
25706692,3332
9466334,293
9396673,3272
860483,3541
786755,2108
10125771,1980
17428568,1234
11547106,2046
3268965,2355
27398389,3238
3613037,1629
20066409,978
18669632,3007
860524,2278
11256264,2944
12599716,3174
5546290,1676
8708578,2926
3084616,1958
22007847,721
8110353,1681
2089332,2892
3608921,1981
8225037,2921
778616,3368
778623,3369
766334,3394
15921543,3527
741757,2309
3604814,1614
9466346,2038
20066376,2080
28283092,1502
1843613,1567
835981,2247
27078684,3128
24072429,1223
6636001,3271
15536490,2202
21049544,273
10178834,550
9953566,2753
7676415,3069
17432705,1141
20242623,3021
20066494,1003
868737,2299
3613115,2365
9064711,2035
815489,3493
8372721,2164
12767570,2191
27377712,3237
774553,2124
2671036,1581
5718467,3620
3613097,1592
20066476,1299
21770451,621
737684,2307
8364510,2253
20746398,3032
24072395,1194
1855929,1776
6635971,3270
10989824,354
852394,2276
8372695,1649
7250374,2747
11870495,1732
20066457,2081
3613081,2459
8798516,1703
21770489,1231
8372681,1648
2949531,3559
25776179,899
19619985,3209
3379592,1784
786864,2471
21774576,3358
24408266,2094
19280025,3300
17432779,1315
3039727,2326
729544,3307
868809,2117
8683842,2646
24408243,2093
8303031,2025
831942,3315
20066530,1321
860633,2279
21770390,652
27209796,54
17101017,1739
758250,2684
23044286,3087
3019212,1955
11805015,1873
15536398,2058
25591907,1362
10625351,2939
19775691,3278
27242612,1936
11305282,625
8126862,3518
766463,3395
774641,2688
24408200,2092
2146781,1578
2089441,2893
17896209,2764
26854296,3225
872974,2284
21766984,1285
11535028,3167
17756939,200
4633155,2005
17253121,664
8897153,3080
2134567,1950
20067125,2219
143882,2787
9118337,3148
15532769,1743
15090410,1878
24269694,1289
20071230,222
786945,2126
25744280,3265
2134578,1951
17433374,1083
1450499,3438
27308986,592
3613201,1631
3133958,1963
12006045,719
13103851,268
6795850,3260
1966640,2891
13509344,3178
19563290,1230
4002317,1996
1696299,3553
9220799,2184
10912405,2943
782904,3334
582204,2831
762430,3333
3613185,1630
20067076,1296
22340462,2565
8708798,2927
2753041,1582
827959,2706
11793039,1598
827954,2705
766516,3396
19440491,2643
11006692,3274
17765194,575
3621490,2531
3617392,2152
13111936,2198
3781232,1977
10912491,1244
16917325,2991
3433063,1773
8192558,3075
868953,2119
15315645,2200
21771033,1300
2073162,2452
3613280,2367
868948,2118
5243401,3051
10654462,3160
12776095,1214
815697,2671
22336266,281
17433449,1751
3433047,1772
24470289,1260
9220840,697
582252,2832
5472823,2903
16196241,3192
3613264,2140
19440448,1054
4968994,2899
27309005,3618
17765217,231
10171124,3273
2073199,1564
22332192,1899
26027000,3217
11793092,1599
3613248,1633
819831,2701
766583,3397
15532688,1742
10867416,2188
13103800,537
19563438,1327
13111885,379
7246569,3063
819843,2702
5481180,3565
21763036,2222
19538874,3013
582297,2833
10125832,776
16343658,2983
17101712,2204
8364778,1698
864920,3547
209557,2796
23471089,35
5657294,3567
10002946,137
3613354,1636
6574842,896
14750273,2056
17101734,2205
23471054,2154
9359911,2440
24269787,1282
27431688,1338
13103723,640
3613338,1635
19563399,1760
8364753,89
2003630,2318
8303310,2923
11411995,1726
10002978,114
12583547,1733
17781684,2212
27456281,3241
20956034,2669
13509233,3177
20071410,1572
3613429,1639
13111818,2055
16925639,1924
12006001,577
7246503,3062
5571231,1677
8364724,583
582340,2834
10744430,3161
1413828,1946
3613413,1638
14750258,455
606929,2865
2003655,2319
17163227,2130
22340491,2566
864978,3370
13103654,554
3613392,2101
8364695,133
3621598,1637
803557,2275
16519701,2987
24191898,731
2134732,1952
20067267,935
750330,2303
774906,3455
803576,2491
27308885,289
1979115,2603
2564817,2254
750323,2302
21369791,3034
12526150,3623
738058,2304
13800401,682
3621682,1647
15778807,758
19440160,970
865029,3371
8110962,2918
783105,3402
28086951,3252
3625787,1982
15156203,2971
15533024,835
17437191,2066
582424,2835
20058659,1012
5157725,2175
11793318,1600
590623,2859
24093304,1912
738076,2438
27689649,3247
3613484,1641
17433105,1266
1843968,1568
586518,2847
21766764,876
791341,2693
574250,2810
4944744,3324
13104098,299
13894642,507
20066837,2085
738092,2482
6087540,2908
815910,2342
783136,3403
3625754,1985
635687,2877
27079341,3129
586554,2848
7439174,207
774963,78
3617549,1994
9442221,852
17437239,1036
13104007,457
22008335,3042
2147170,2894
19534447,2237
24789567,3214
7926590,2181
635712,2878
17433158,1748
9216962,2129
20066941,2218
586584,2849
20066913,1286
21615135,33
783197,3404
12145646,2190
3613550,2316
20370029,1302
20238953,3019
16003989,3612
6198076,1937
12456924,76
20058704,2062
18014832,3003
20296279,3023
19440203,1024
20046418,3017
3617619,2529
15315854,365
7246601,3064
8922083,2015
15532928,1744
27472590,3243
27456204,2226
24072704,1227
8364809,1699
17609338,2209
20734539,3031
99193,2773
10462182,2754
10761181,2941
5571374,1678
5157685,2176
9204727,2540
17437301,1225
20369993,1153
590710,2860
23823082,2155
4142012,2604
8057849,3517
3613619,1642
20067003,1105
865156,3548
582530,2836
6022097,3058
1622935,3439
9216799,1709
10703664,811
15631229,3190
7926764,2183
99221,2774
8111085,1685
17433234,1032
586640,2850
4244444,3350
19428021,2070
7263216,3513
10085177,295
7930841,3072
27496963,3134
738216,2301
738223,2305
762798,2510
10310458,2938
8799021,1704
762791,171
17433272,1074
19440283,1758
13792097,2199
27726356,3249
9921313,2550
582590,2837
6231017,3060
17232561,2208
762805,209
3613576,2103
99267,2775
865230,3549
10126160,263
28242530,3144
25891398,2100
8708938,2928
13140743,2039
99283,2776
4293522,1660
19440368,1759
7246775,3065
3752931,2896
3556332,3269
17085151,3195
8111014,1684
12145511,2949
2249667,2150
19534537,2216
3105737,1593
13509416,3179
17736420,866
9466748,2185
13103915,788
19440325,1218
4424622,2356
3613657,1643
1864690,2149
19428060,2071
586748,2851
7926670,2182
1233892,2881
11584329,608
14795546,2963
3617739,1610
8082310,2917
20341448,2767
9041036,345
8455300,3579
9467030,1601
16700662,2989
5252187,1665
8377460,3077
1807382,2141
22873421,3085
25007469,3116
9733253,1710
4682838,1801
10855615,3295
3613717,1644
15533259,1828
19428608,2213
3556383,2439
18572594,2668
17634599,236
9721022,2933
5157986,2177
13030634,693
18707761,136
4383854,2740
4232308,2169
861241,2441
2073642,2483
22340962,2026
5575789,3055
7246932,3067
5158002,2178
26396116,1176
16856391,2112
1807442,2288
9467097,2294
8176695,1687
23680290,3103
15836349,1746
3585144,2346
24577319,3212
14001287,3180
3417191,1584
832600,2707
19076470,2766
3601518,2162
7947296,2667
5469192,2613
16852318,2331
836691,2711
10777796,775
7246863,3066
3417168,1583
586860,2852
25990633,3360
5125152,2174
7095324,2489
7947273,2666
13501630,3297
8111114,1686
8348686,3076
4244530,1659
17438072,2107
21767487,1190
3601475,2160
7631874,3068
16856441,2017
7210007,2914
2032799,2104
586890,2853
8176888,1692
27063578,3230
19428769,2214
16856463,2018
17679746,1752
20981199,1928
607384,2866
27149578,3132
28124473,3254
17184145,2995
783516,3463
3851424,1656
18310539,3005
763031,3448
758933,2102
16856478,314
11105334,2189
750767,2127
16856490,2019
19269001,3011
8176846,1691
1844393,1569
19080598,3206
24053207,1766
12579965,1875
16913856,2990
22341015,2419
586956,2854
8176825,1690
763079,3449
28190048,3143
11592831,2945
17438170,1058
1258691,2725
3679466,2361
787679,3469
804056,2494
10519669,1725
9393242,2399
19768827,830
607441,2867
1807554,2142
20960740,1897
23496120,1765
26932548,3227
14406660,2960
763092,3450
9393261,2400
808175,2504
607466,2868
8176792,1689
9061487,732
18667001,147
15881242,1607
7439512,558
1807602,2143
787686,3470
17765858,3001
4682935,2172
3548356,1605
7095450,2490
3429571,2736
587007,2855
3585230,2153
8176773,1688
14816287,2965
10519646,1724
779509,2879
3605813,2599
4658500,2170
5252436,1668
3106090,1596
1385747,2883
15779320,1745
20296764,3024
17609734,2210
853255,2495
853249,3340
632071,2876
13243867,1737
3044664,1956
17634331,2394
21763157,1075
804117,2281
9176465,221
13030872,2195
611607,2872
4683108,2539
20067350,1020
16336349,3276
820522,3494
5252474,1669
853287,2328
1807664,2144
853281,2327
808224,2699
4658538,2171
24024131,3107
15545794,2203
767294,2687
13104624,412
16336334,3275
611633,2873
8176967,1693
13108723,195
775479,769
22828128,2770
4142338,2168
23069728,1764
3585398,2158
775498,2270
16332216,2981
9737687,2007
783688,3464
116037,2777
27518180,3135
19428448,956
16893000,1879
24069157,3267
17478721,249
17634369,2395
13518210,2675
11732476,2946
836956,3385
5252354,1666
116051,2778
750937,3268
1955145,1948
20046948,3018
21767194,1197
9467335,2187
836951,2496
607573,2869
13518227,2676
8176931,1571
28308687,3257
18023538,3299
23204867,3531
116067,2779
23942158,668
24269841,3111
12764582,1734
21763115,1183
12957090,374
20722773,3028
116075,2780
20067417,2220
8619501,892
836962,3386
13411773,2956
824694,2321
1807718,2145
23204895,366
5539287,1675
21644494,3279
3618232,1974
13030729,245
599430,2864
116115,2781
6370805,2173
3466668,3283
2614716,2730
15512946,2201
23205058,3532
116131,2782
22353137,3044
9061679,707
13030752,108
865707,2320
17634470,2054
21644513,3280
1807798,2147
783801,2110
11552008,2131
25465916,2664
11535630,3168
5809560,1925
6038941,3509
22504596,2769
763342,3452
3577328,2363
8177083,1694
9381192,2932
763331,3451
20018424,276
17437888,3198
611783,2874
13456669,676
607707,2871
20063457,1761
783832,3466
3560933,3561
8807762,2231
24278182,3112
2614770,2731
15639865,421
5125526,1580
607696,2870
783826,3465
13030682,130
4863383,3344
15881490,2977
783851,3467
9938294,2484
17437929,1169
775656,2271
20018390,2217
13030700,2192
5539263,1674
27366483,1097
2667996,2444
2033130,1573
218614,2799
1807847,2148
7943557,3073
8038011,1679
9000587,1671
17676047,2206
26417041,3221
27645863,3246
9467539,2021
6792804,2746
15541994,65
11941553,2407
824836,3534
2004503,3555
27981729,3140
15402726,856
25925509,2679
7943798,3376
8119915,2919
611867,2875
4113962,3342
1807886,2343
14022339,2761
19478335,3207
26634126,3124
16377570,453
583189,2838
27465662,3242
8218207,2920
18655035,1892
12367508,1800
5252731,1672
775719,2272
21768033,1006
22284153,1762
17676067,2207
775739,2273
1807912,2344
18814762,1112
25270198,3215
9467560,2022
20027149,2433
25851831,2225
18335528,3006
2754154,1585
2180704,1579
8976073,3521
804430,3422
796232,2695
9455316,3523
13608585,1736
19425134,1756
3606129,2151
5256726,2385
742979,3391
1807958,2345
7878198,2239
13104777,2415
11716349,2442
17524571,2998
17082197,3603
3602020,2163
9467586,2403
17676126,2999
3606114,1616
6370873,626
11785963,2556
14022285,2760
15161022,2196
20027244,2434
824915,2322
13108905,882
9467633,2404
3606099,1615
12367577,2474
5015082,2900
8349207,1695
6370824,2179
3577439,2364
21665571,3040
1926774,3047
816743,3336
775782,2274
12764850,1735
20027202,1306
3618372,2371
17614714,742
17598330,485
853627,3318
6370838,2180
1844838,1570
20223823,2401
21768140,1053
2029215,2351
14403161,2959
8038143,720
824969,2486
853640,3319
11736635,3169
3606204,2375
12367410,1798
11773501,3170
15545977,2418
755358,2443
3602095,2376
23394302,434
3606188,2374
5551823,2386
8038118,79
825004,3337
3618453,2381
13108847,150
20027286,1037
833189,3432
17094570,2423
3901077,2897
24414149,1769
3602055,2373
816829,3379
25851711,2224
853688,3435
2774684,2354
21768186,1291
15545941,2417
14022253,2759
3606155,1618
19093407,2428
5252845,1673
27551514,3266
20027377,1179
15095335,2970
5273234,495
3536630,2146
775880,2468
3606258,1619
24414129,1768
7878333,188
16881606,3194
8910415,2397
5994131,3569
775874,2251
27801441,3139
18655191,1755
24278969,3113
26146625,3120
17582047,3614
3585763,2159
17909705,1753
751315,2125
214747,2797
10741369,1311
9061974,3147
12367452,1799
10192507,1926
3602134,2377
214754,2798
5994170,3571
7362194,3515
23115651,1537
9000557,1670
9467510,2020
8058524,100
1631999,2886
8353431,1848
861927,2329
8971874,2929
8349332,1696
24078210,1767
1881841,2349
28378972,3258
2053872,2352
14816781,2966
20027329,1188
575225,2811
13108794,340
8353415,1849
6903443,2913
5994144,3570
3606327,1622
17438219,3199
575243,2812
18789913,1303
18667028,2505
21767751,917
16517104,2986
10160022,3293
27330223,151
7247713,3512
18892337,2232
22349380,3615
763673,2685
2815806,2732
9054111,3582
3585825,2366
2033471,1576
575274,2813
14587899,3184
23889482,3282
4376426,1661
18343487,1754
3606302,1621
13109217,609
12367767,2477
27236020,3133
861985,2330
19428871,2215
3606279,1620
9439136,2752
9955238,3524
12756977,2538
874302,2721
18036256,3004
20358658,1927
7800641,3261
825147,3338
2455324,2729
1926951,3048
3536654,2362
9054154,3583
21956105,2072
788298,2265
13608840,1715
13109145,286
22971915,1929
3561315,3050
7948067,3074
3618668,2384
8808408,3609
8460256,1938
833389,2708
15349640,1883
13608875,1716
6379269,2744
15546248,2421
575342,2814
9054188,3584
23262731,487
20559445,3025
6260529,1650
9725946,1867
15542173,270
11786179,1998
7440136,1667
866166,2120
2459480,1774
9467664,2446
24078061,1312
23598826,3097
4376513,1810
3278769,2734
575371,2815
3618737,2378
17168002,3528
5658588,3568
788352,2311
2545578,2457
1841041,2348
15349604,1881
16373622,184
19932863,3210
14001989,3181
15349624,1882
776095,2516
20063911,999
788379,2514
12367655,2476
751504,2594
9123607,3149
15484785,2972
4945902,3506
20727451,579
3602334,2379
7927760,2388
4376552,1811
12367638,2475
22992628,1160
9467708,2405
13109095,1877
23619292,3101
9467686,393
17524403,2997
13608822,1717
780209,2511
20063881,662
10741532,1868
3586034,2368
12957452,2413
2336745,3500
870337,2672
3606522,1805
17438427,3200
14022407,2762
24893103,3115
20027108,2432
7346086,3514
16742182,1591
23647924,3616
4376476,1662
7927704,2387
772075,3453
12597026,360
15161092,2197
23606924,3100
11396933,3164
1976308,1780
235497,2804
22324926,3281
12093269,500
780281,2512
9054072,3581
9201535,875
813048,3475
3016664,1795
3602368,2380
27330139,2123
9467755,2313
21767856,1322
17913580,698
5752745,2741
10741596,2497
11786060,2557
6195294,3510
27367840,3236
17430797,1011
15608043,1586
11950259,2410
20064567,2420
20019508,2430
1681436,3349
19065130,1894
2721824,2287
17864987,178
4151348,2359
15935736,451
5683290,3375
4474955,1813
772123,2465
9488514,814
813086,3477
813080,3476
9046173,69
21768534,1149
6391934,1834
7927911,2389
874541,2227
1882173,2350
3225618,2358
21162340,1033
141348,2786
2459650,1791
19622147,1241
3586078,2139
858150,2473
11950234,2409
22284646,1906
9050296,791
727097,2681
3225604,2357
3602432,2382
813109,3478
5793889,3507
22321513,1940
13801708,2677
24578376,3213
21768461,937
3586163,2369
17897817,261
23705891,3104
792646,3419
22284569,1905
2254959,3348
813122,3479
28047866,3250
10467533,1790
2455671,2238
2054221,2525
22501635,567
9005279,271
3586144,2370
792666,2694
813146,3481
10721524,778
813140,3480
13097116,2137
24078607,947
9058536,1588
4376614,1812
866408,3321
813158,3482
3557468,3503
11950301,2655
20703568,3377
866400,3320
8296464,2392
22284602,2431
27539915,3136
3606598,2445
13142206,3526
9058557,1589
20019529,2571
15779979,1889
15136925,2763
15575185,634
11950283,1999
20019633,2572
772233,2466
20969917,2590
24074732,3110
16742524,3193
505984,2805
813195,3483
13682777,1738
11950143,266
845959,2712
6760683,744
6572264,3511
12367922,2479
3434660,1803
813212,3485
8804375,2396
15059062,680
13686851,2416
22284737,1907
6760701,1835
13105245,655
813206,3484
6187202,2743
18479492,725
3602578,2383
5605616,1832
16726106,1939
833706,2295
13023329,2953
25778464,2607
22284799,1908
28158209,3141
12367889,2478
813218,3486
14784590,1880
723108,3367
3057793,3560
6621399,1837
833721,2122
15534171,1885
26356004,3219
20064645,984
813237,3487
27797779,3137
5572840,1825
833715,2121
17897937,649
21969295,2436
3606773,1806
846030,2713
821454,3429
15058977,173
9123907,3150
784577,3405
2033875,1574
874689,2228
27035984,3228
11942011,2408
22608278,950
506056,2806
575687,1333
833756,2315
575705,2816
18479563,310
13109275,172
11774048,2132
813268,3488
22608257,2422
3586284,2372
10762367,2406
28158326,3142
11384944,2755
8452189,3520
6621371,2911
805074,3473
13670448,2957
15534092,1829
20064720,1290
813288,3489
8276118,1847
9390182,1866
8988773,1857
21162415,1015
26421629,3222
15575068,2976
755967,3445
17783289,532
2779346,1794
3754176,1785
21162430,1900
8378498,1577
8296579,2259
15484946,2973
21604790,3038
755979,3446
21968974,426
27424938,3240
2144555,2353
12229041,3171
20019262,2569
231698,2802
747807,2256
862489,3542
22284365,1901
170267,2789
231705,2803
16697829,2988
12954074,2952
7928152,2390
20027408,2435
862508,3544
17651759,1276
11061644,699
18655288,1893
14002672,3182
825641,3430
6760769,1833
13109742,192
850219,2135
1878325,1777
23652417,1915
7244103,3608
862502,3543
17909821,106
20215833,2221
22284391,1902
8898995,3081
825657,3431
7215444,2915
21768304,1328
2009379,2448
23652394,1914
9173453,454
17430595,1277
27031767,2593
7883060,3070
3463547,3374
8296750,2393
20027489,2585
23394356,503
9222618,1711
22284290,1763
8415707,1850
16107945,3613
768342,2447
3463510,3373
11741649,3591
2001274,2282
10160638,1718
6621440,1838
1882489,3046
850282,2517
9218539,1865
5572926,1826
3754325,2449
2144589,1575
8800745,1854
862588,2233
809341,2700
16517519,142
21768255,1069
25778428,2606
20244546,3022
18892887,2765
8899056,3082
17324146,1251
17913963,1089
2394462,2485
9173488,782
14817694,2967
715126,3389
3369294,1797
6760729,1845
9058570,1590
9226508,438
21752011,553
21162179,1749
788875,2515
8624395,792
862596,2234
17909915,401
24078564,997
9316613,2289
16517488,564
9222403,3522
18012290,2427
15567229,2974
17430684,1271
15894884,734
22284482,1904
19093691,2429
11061553,1872
870807,2323
12065059,2412
20027564,2586
5605877,3354
20019347,2570
22268151,1932
838056,3539
8624427,677
17795238,848
809381,3424
9058598,653
6621643,1840
5634555,2904
5818871,1960
870818,2300
1808815,2347
28289050,3255
11950336,1611
5818849,1959
23255256,2437
11921679,2757
26339370,3218
20027532,1263
6408671,1836
13109622,770
9697581,415
784840,3407
19073253,3205
715213,3390
784834,3406
12507508,1898
17328322,2498
1808849,3617
862663,3545
22284447,1903
17455303,1174
25708614,3605
2034123,2105
16517417,300
4966803,1663
11950445,2656
6760889,1651
780779,2513
13023527,212
24078476,1129
838120,3540
21768356,1142
764386,2686
25892964,2193
3430854,2136
17455353,1150
825848,2703
715263,3364
752115,3622
8907134,604
13502773,3298
874992,2252
715255,3363
6240862,1132
20015922,1000
25852809,3619
4196931,3562
2394656,2109
784908,3408
21162826,1073
23534443,2592
8694409,1853
715271,3365
7883382,3071
20020030,2579
805379,2698
13822657,2235
776735,2116
24075128,920
784915,3409
5573198,1827
21769040,1118
9214610,2553
25570200,3331
13101792,1876
195114,2793
23198536,325
15715012,740
20019997,2578
25422765,3301
875069,2722
21769087,1213
22285152,1910
19684120,2568
25881535,350
24075096,1313
1808931,2519
1878565,2306
23571292,708
23534426,2591
17627953,3604
11385580,180
784968,3410
723532,3302
780867,2880
1653331,2889
8583881,2925
22285081,1346
20806512,3033
4975109,1815
723525,2255
3603046,2527
723545,3303
715352,3366
15346361,3187
24075065,1133
8977119,312
20020070,2580
17173338,2994
1878654,3347
2255425,1789
633443,1532
723552,3304
11471555,3166
4975142,1816
240238,1930
8182289,3519
19249995,641
11860698,3362
9054970,752
780922,2467
5126716,2541
9505507,3156
21592893,3037
20015940,1896
862840,2332
24075034,1269
576126,2817
17488765,1159
785020,3411
8059394,2391
1976932,1781
8981235,1856
6904341,458
13097659,2955
862832,2339
22993887,2291
20020144,2581
12458559,2758
9173512,1858
2333344,3499
9124359,3151
7396093,2916
2394794,872
17533851,99
785051,3412
11782690,2756
11393599,2241
1976971,1782
12278317,1603
9206293,211
760465,2670
9562637,3157
8297184,2552
26168080,3121
25250593,1920
789164,2690
7805655,3285
8899109,3083
866990,3436
17632169,1247
813737,3425
23722959,3105
28117770,1922
19499905,1895
24030150,3108
9206310,2402
576162,2818
715431,3443
4782823,3355
5561083,3566
9329214,3587
3603079,2528
11950597,2411
26114875,805
2333334,3498
20568975,3026
1977001,1783
3791502,2537
862897,2333
23817173,1270
9329201,3586
23571366,1913
24075182,24
20241392,3020
27798382,3138
3537660,2522
20020218,2582
24570808,3359
1809096,2520
27249482,3232
801493,3420
1878720,1778
12278373,1604
21511062,581
25570136,3330
20929496,1116
17431521,1229
5286587,1823
21769120,783
3537626,3607
2456279,3501
25881465,1921
26114938,4
5573283,1830
2992858,2733
23677841,1916
9214580,2398
17431538,2424
12577348,3610
19221467,3010
20020174,1082
1858333,2523
7158636,3352
723721,3305
25668228,3216
16018416,832
22481489,1187
13675478,2958
20019769,2573
21768773,1035
7658365,3576
2149171,1788
23198322,183
20060708,2587
5126998,2542
576272,2819
2681608,2266
22481525,1127
863019,2334
10509191,1719
26114726,40
1788727,3440
576313,2820
22301285,3043
23833178,1376
863039,2335
1633066,2887
834367,2709
10378155,3294
22481505,1911
871226,3550
21768820,922
777009,3456
133951,2784
23599701,3098
777014,3457
20019825,2575
12094456,2948
863054,2340
27040473,3229
8899520,3084
768834,3398
9169857,143
4782854,2898
789342,2691
20060776,2589
20023915,3016
24070707,1039
4782870,3356
863085,3387
20060758,2588
16362397,2984
4258596,3504
12184540,3296
781165,3458
4979489,1802
20019805,2574
20343384,1079
781179,3459
5286691,1824
16747403,816
22481451,1317
9567212,408
20699716,963
28109523,3253
21768908,416
15567724,2975
23010011,1305
7810046,1846
1809297,2521
781185,3460
5569496,2548
23386856,3091
813952,3426
23137004,2088
11385632,2648
15342436,3186
16329590,2979
15313766,3185
23325426,3088
723857,2248
8837917,3079
6663161,1842
20019885,610
813968,3427
826257,2704
736149,2312
13106023,420
16350041,2559
12335902,3172
863150,2336
11090701,2008
781231,3461
5016550,1819
834470,3433
723898,3306
785338,3413
22899439,48
23010028,993
12278530,2618
9055025,109
10627865,2940
15534929,1886
21768946,6
867279,2718
22284951,1909
5553047,2544
24427185,2663
736205,2310
4062202,1941
7957425,3516
20019967,2577
863197,2292
20019936,2576
11090813,2009
24427168,2662
756702,2456
24074932,952
588756,2856
23464579,432
24521361,1919
875493,2240
801764,3314
12381014,1721
12168019,1874
2014197,3556
18881229,2567
5270432,2308
5245861,3052
17222384,2996
8805246,2454
27691614,3248
6663070,1841
16730883,2036
785398,3414
25549434,1943
15535341,1888
760840,3447
781327,3462
3615794,1970
4856898,3343
785410,3415
24075621,1308
1666068,2726
1633288,2888
3603492,2530
2014219,3557
8666269,1831
24071542,981
6663295,3284
17214749,2061
17534224,240
17435926,954
27409794,3239
8662182,1700
5852283,2742
24071498,1918
17431855,915
18836793,3008
17534242,80
9313445,2554
13110501,716
5569658,2549
16727249,636
8301649,2922
867391,2314
785471,3416
20602127,3027
13135102,3175
1424419,3552
23551327,3094
4975733,1818
16329926,2980
8662212,1701
597071,2861
867397,2325
9493720,3288
17870170,2267
785478,3417
3615846,2161
14777520,2558
9059550,232
17431900,2562
4975645,1817
23678256,3102
785490,3418
5553160,2545
6663226,1843
2456698,3502
17771887,1890
3615828,1594
875624,2723
10317051,3159
9493750,3289
863333,2341
8977635,2749
20594004,2426
17436027,1240
6761494,2472
3615811,2532
855163,2283
8977662,2750
8662259,1702
11095262,822
1535087,1771
17444210,1220
21548336,1931
5270569,1821
17927528,618
9981153,3588
822391,3533
121978,3624
26250733,3123
801907,2260
19426730,2069
244873,556
10107924,247
23535090,616
5303494,2167
17431966,1320
22986182,37
576657,2821
3402927,2006
25853206,22
24874470,2096
23252416,2090
1506484,2884
10980356,1871
14777412,1682
15535178,1887
23190984,144
24071622,1177
777378,2689
576675,2822
11779075,1602
8662068,1851
8809527,3580
1776814,3554
17436093,1279
7953602,2551
3615882,1645
576693,2823
13094009,2954
28298513,3256
17448373,2564
5090446,1820
21507469,3036
18546140,3203
1813713,3442
797889,2696
10169430,2935
3980526,2737
24075706,1002
9202777,2930
25992537,3119
1981636,2524
5270669,1822
3615977,2106
16018475,1891
11938921,235
1739973,2268
26115409,789
2563271,2458
191714,2792
1506551,2885
3611858,3378
3615961,1809
25521527,3117
3615937,1808
8662130,1852
834811,3434
2419933,2728
6323354,3061
18390040,60
19684396,1026
27663525,466
23551076,3093
5815644,2907
20020279,2584
27348134,3235
9047431,423
16027111,2555
199952,2795
5725507,2905
20601903,238
3599649,1804
23190646,1942
122139,2783
23600244,3099
3611946,2536
3603753,2533
9702836,1997
195875,2794
3104011,2526
597293,2862
5299574,2543
3616016,1632
25173161,298
14966221,2968
20020251,2583
12418449,2950
5090658,2902
25906362,3118
9469348,81
17767483,218
16940084,2992
802107,2261
9956783,3291
19684373,929
2034977,1786
10423773,1722
781640,326
13110656,2052
1809747,2229
802116,2697
9956831,3292
18787410,1196
6429998,2745
17853533,955
8687060,3326
19426426,1052
781663,2470
851288,3316
511314,2807
5553410,2546
3612013,2621
23194682,2211
777559,2506
2059585,1787
4525339,3505
21769235,528
24075312,1134
597334,2863
1981822,2608
14548413,3183
17251429,1178
3603793,2534
18484338,1844
3603807,2535
4119892,2629
9661944,1859
20601942,2086
23940099,463
4189521,2739
8842729,1839
589176,2857
11103711,2040
3599694,1967
20601922,714
576882,2824
6786328,2023
859532,2488
27069468,3231
4976073,2010
6909421,3574
8662275,717
11787579,2002
18005147,3002
14761323,2244
17435783,1093
18508949,688
576903,2825
18844815,3009
15945057,2060
3603876,2619
15777122,3191
17427610,928
11787559,2001
5979598,1653
4119977,2632
5934530,1021
24071414,1106
851349,2285
1809798,2597
3612074,2622
13110614,2051
12434722,2951
757162,2460
15596879,3601
21142757,509
5565948,3054
814500,3428
17538209,2660
3599769,1968
14949707,3611
4119951,2631
21499132,3035
1699247,3045
17165490,2134
11787530,2000
9493802,3290
736693,2296
4119936,2630
3648904,1814
10448160,2042
802252,2455
21548171,995
4120059,2635
10759528,3162
802240,3421
16866509,3602
25549896,1945
16727346,2560
5553562,2547
2485739,2895
8420686,3078
17431770,959
5852559,3056
27475061,3244
4120041,2634
4144614,2638
13454612,2674
9059671,124
3423723,2735
2137539,2138
24071307,1917
4120026,2633
6909327,3573
27118708,3131
13102380,571
13110563,844
21548196,991
17214699,1060
3603928,2620
785893,3468
5569958,2641
4140490,1965
777714,2596
4120007,2637
12344640,92
8166784,3287
867824,2719
26676330,3126
1912291,1779
24075409,1018
27077731,3127
13102791,75
15535854,2057
1809944,2598
25272194,382
10174110,2936
9662101,1860
22507359,91
859653,2714
3616318,1983
876038,3551
13110981,2194
798237,3472
9227933,3585
2924088,3558
814619,3490
8900255,3146
24194923,681
577042,2826
20012843,3015
18640647,750
1809920,2890
9039509,461
27086721,3130
12779234,3596
720424,3444
13111020,855
6110840,2910
859691,2242
1035813,2724
15531714,161
4570740,1652
20311812,504
18640687,372
5832299,3508
835129,2710
781885,2461
3386888,2317
9379506,15
12779263,3597
17436468,1262
5545579,2639
3599990,1969
577096,2827
589384,2858
224839,2800
9662175,1861
13110916,2053
13139609,339
4140654,2004
814685,3491
12779153,3593
3665507,1995
11788007,2651
13102738,748
16744105,2659
24436514,736
134740,2785
3018358,1796
20057961,1707
20066158,2075
736855,2111
11804392,2243
24071951,1091
2588231,3372
27692996,1366
5975608,3621
814697,3492
12779172,3594
11804371,2652
4140627,2003
25591787,2665
577127,2828
777851,3400
25448437,2099
1445473,3341
5570092,2642
863860,2257
24076054,1043
12779195,3595
10108640,1712
777841,3399
1810023,2605
21712843,3041
806540,3423
7659255,3577
25358087,2098
20082615,3211
3616447,1984
8818191,1855
2244267,2425
5054148,2901
3104417,2614
5533403,3053
9661955,1933
12185129,2048
15920738,2059
16859024,1655
23044046,3086
20058016,1100
11419196,2650
27209484,1870
19488701,1944
15945319,3346
17338269,2063
7626467,2645
6094539,2909
20066218,2077
1965697,2727
5725899,2906
10329602,2029
10423870,1723
7958232,3264
7405269,2644
20209553,84
15629899,3188
7691987,3345
13102688,502
2506380,2518
3608219,1807
6643400,1654
17739680,1934
20066178,2076
7958219,3263
26206012,3122
17883043,3202
16518728,56
12185100,2047
8842803,2610
21540863,3530
15998541,3606
4140677,1966
777905,3401
3612299,2623
12779132,3592
5631637,1793
872140,807
7958203,3262
786124,2508
20058107,1143
5303962,2013
12185202,2049
27209554,448
3546875,2617
863936,2715
26414942,3220
876227,2337
786117,2507
3600121,1971
5545627,2640
3059454,1957
786139,2469
20058083,1708
1871565,2133
10505843,795
24076219,2661
564956,2808
12803606,64
5852815,3057
5303944,2012
8900191,3145
9117265,1534
851670,3317
4140772,1624
8330913,2360
9715316,324
2784975,2612
17432559,2563
12185168,1714
3616476,1617
5713572,2016
24436615,3114
5091001,2011
12185153,1713
20066251,2078
872183,1750
737009,2298
23891858,3106
2563800,2611
3612360,2624
773898,2453
26672791,3125
859910,2450
868102,2720
876291,2338
12345260,820
23326323,3089
4886366,3564
24522339,2095
19684921,1202
4120363,2636
17436178,1125
23527037,3092
12599259,3173
3612457,2625
15937516,3357
17903154,2067
17088032,3196
17428012,1135
9064364,2030
20725274,3029
4120345,2738
2563855,2480
17415713,2561
3600159,1972
3616542,1986
17821222,3201
11251585,2043
2076468,3322
835361,3339
13103081,2050
14401524,1740
9125819,3152
7438144,520
24071773,958
24899145,2097
864063,2716
4829054,3563
15671254,780
17694257,3000
20065904,1301
8556481,638
3612532,2627
20729464,839
11804656,2657
2133860,3496
3616626,1988
9379786,198
17165891,2993
3424121,1565
17665602,57
17665629,332
13102998,694
741209,2682
2133874,3497
24522274,1770
27324148,3234
15630267,3189
20037227,110
864081,2324
16338854,3277
11096008,3163
749422,2683
733037,3308
3616592,1987
27209463,1869
7429915,2748
9437155,3353
720743,2680
24071681,1139
3612505,2626
585574,2839
19480155,3208
10833878,2942
9437178,2751
24075798,1293
872307,2258
733045,3309
3538762,2615
3616694,1646
733066,3312
10329883,2647
12779332,3600
3612605,2463
733056,3310
733061,3311
5574599,1792
868249,2595
13528923,482
17436317,2065
6365174,61
745363,2230
11804461,2616
13102941,226
23326461,3090
3612584,2462
27450882,908
2477957,3388
2826123,3323
3600279,1973
8703781,3327
25849384,1138
860072,2263
11804433,2653
733091,3313
16887464,1343
745376,2286
573348,2809
860066,2262
16334678,2982
835517,3536
1789865,3441
15933253,2658
24075993,1186
16400205,1332
790455,2692
585673,2840
8556358,2027
8703809,3328
4980620,2481
24313525,71
3616765,1595
3612666,2628
17092298,533
18390742,530
24071840,1319
3739627,2156
5128090,1640
3608547,1979
21606044,3039
819156,480
17153757,3197
19316479,3012
20733669,3030
26340939,3361
12779288,3598
3600365,1775
17436374,1215
13102875,2186
229343,2801
16027434,1884
9662284,1862
11804523,2654
6250368,3572
810989,3259
10837831,2649
581614,2829
585710,2841
3612624,2464
3616732,1989
12779310,3599
15920925,2978
8556400,2028
864254,2717
11804481,431
25874044,386
9662315,1863
20065995,1004
1941476,3495
23551644,3095
