15038692,858
9382027,802
13801687,336
25620864,726
24418675,1013
23533935,449
1304602,206
12331189,325
17324290,667
8351861,965
15059182,340
8816788,791
14977271,855
15286525,652
10264713,575
11249840,296
12349600,843
2500667,953
1263664,201
23832904,377
8661159,557
8816805,792
6793282,267
7743571,780
28209545,482
21141866,374
6379593,772
1304638,207
8816822,793
8663223,956
23357788,447
10535064,560
9380020,274
1349673,209
15122651,349
8816839,794
8284220,281
16867652,362
17090892,895
25159985,720
11399394,311
8663243,957
11249913,279
10330314,302
8663260,958
11053297,615
11090164,829
19790195,885
4014172,757
12331230,326
11053260,313
27183610,46
19249473,995
18012532,669
1321087,210
24711442,461
6379532,771
7800857,252
22325541,696
15038612,857
13801643,335
17092990,664
15122589,348
16117877,359
25477380,471
7250157,244
10766369,627
15034467,650
8329464,963
11003950,295
7807228,778
2199724,217
18864528,426
19526075,357
19323317,673
4710608,520
16400483,889
3371177,756
4462808,225
27664698,479
18041275,414
21938677,433
24525258,469
6791385,548
1732773,502
11464815,319
1976541,505
12140669,813
10997857,306
21156232,1007
12810255,643
5605529,764
20744690,443
15122473,347
28324192,736
18053573,415
25127337,725
1806535,211
17476052,368
11393139,565
13953034,852
11053130,312
15546376,861
10004605,980
21703079,431
26016097,490
9726074,297
19562949,420
8726647,967
20355520,373
21141940,375
13953068,853
16193545,354
20334644,345
16312826,659
26095753,935
10998190,309
18829327,671
9152922,972
16400878,994
13683141,333
19785787,428
12779988,320
19068991,606
19126332,1001
11573654,634
22325374,693
21758055,918
2019630,216
27664534,947
1263904,203
7741771,552
21696630,908
25477306,470
24414282,937
8808888,969
19542122,429
11465198,591
7250219,245
18876518,874
12147185,324
10727913,798
24420408,456
5609753,535
22634518,705
3461477,752
18829384,672
2560380,218
4114789,523
27297985,384
11090382,628
12808619,317
13806014,851
9701881,609
28059870,411
8276232,275
3025241,745
25903345,473
10768858,624
11053527,314
15305065,657
17094790,365
4395456,260
10912046,303
1665425,500
12486967,595
27426863,407
12792141,847
14602577,783
26134558,730
4395478,261
1948038,739
4534746,950
6642117,239
14518653,600
4395498,262
24711379,460
13496679,644
8331730,964
9769252,269
22325477,695
1665450,501
5720545,765
9064764,971
7649731,777
17090739,893
11370773,590
10318117,621
4395518,263
11053417,630
25821257,911
12065149,635
7649713,776
14973229,339
9179461,973
15282466,859
26601561,405
1874385,503
11600255,280
2398698,495
15108403,651
26095704,934
10998128,308
18383055,674
11194739,564
25518175,1016
19542260,902
16415013,363
8372640,539
14352699,618
6365571,547
25874530,472
14973192,338
9380195,977
4395436,259
9701755,608
12341587,640
27271248,922
15059217,341
24565890,942
17090801,894
7350662,247
11878723,985
10998096,307
15286558,653
15356179,342
20015307,875
22325417,694
28226476,388
11385519,837
25279364,403
7631474,250
13134542,328
4620879,227
21480269,907
16687856,890
26839945,491
14818034,638
11561637,617
27194246,492
23374718,920
20486947,607
5624437,232
16394970,879
11940500,593
9700017,584
16397023,660
23436096,713
7344727,246
27186105,61
4741729,528
11106944,631
20310815,689
12145299,841
4045334,224
15123156,785
10967700,820
16730828,892
24427335,938
20030213,422
4741757,529
25160521,939
19559197,901
3463692,517
1911335,508
25629635,47
18875246,866
4395538,264
24709933,457
4960799,533
17609556,668
25353180,478
16339608,887
21007138,690
23247622,463
16687768,856
23085833,1012
5091900,543
24894223,476
1432161,498
12145356,636
16394895,878
25633778,940
13683375,849
2022044,509
10998307,310
12380726,316
8815117,789
25279245,402
27716392,410
4960965,534
16853910,881
20030383,683
23811018,453
23473092,715
18879362,1003
19567491,427
4960993,541
18807730,397
8815145,790
24710088,459
2914974,514
25522999,699
20745102,917
23436241,440
9701920,610
11250205,318
23591889,450
23309273,466
24878022,727
24804292,722
10009176,620
10996323,827
13113871,637
16312883,360
3015394,512
4633226,525
7387836,773
26477382,24
18875380,391
5055129,761
16394798,877
15122992,784
4633247,526
8276645,549
26174319,485
20016081,682
26176367,1010
6144703,769
17685486,873
20030429,684
9566845,803
27319117,48
8350343,268
20796359,691
24710023,458
27837101,1017
2614048,744
10187659,981
24038010,400
12145581,810
20744740,444
27636412,385
26780290,912
11410318,616
26124975,709
17093158,666
11561877,292
3025675,755
9194407,576
27406991,7
4866936,229
27318930,49
7942991,553
9380793,580
27568787,408
20257397,372
23548455,714
2671464,746
9921492,585
10865634,782
18614875,884
27716332,409
20030074,421
9194439,574
23810592,910
11107302,989
17783391,882
25477840,1015
28078836,163
18018888,998
12782493,987
2073471,743
1436535,949
20744799,445
18018935,390
10976206,304
28283589,173
9380837,808
6939397,242
11107269,988
23190032,395
9321468,811
21938746,434
23177757,465
2388900,215
9046792,559
15090531,991
22481617,398
5626835,530
26446356,489
15289198,992
19081892,1004
1436573,204
7431164,774
11107111,632
8039413,960
23456503,697
18041473,883
3709856,522
16790168,872
25477661,483
18512515,670
28078646,160
23810807,452
9702154,611
2671542,749
24191698,933
22332144,1009
9702194,612
24914650,930
12768106,846
23214792,399
2671490,747
18512564,675
25838139,488
4150157,758
20777615,914
24894159,17
2671516,748
9360182,976
26468904,4
9755434,614
17347254,898
11090793,830
24189616,378
23071398,462
4227976,759
26149445,484
18629330,676
8567650,788
2073598,951
16855778,661
25250402,721
9943923,572
23556737,711
2782157,751
4228009,760
11385671,573
17760992,997
27660886,733
24894088,475
9120632,569
11305816,836
27273812,944
23136919,703
4858806,228
24437384,719
27724378,480
6759527,241
14034135,599
3902521,256
26471835,732
14736618,330
10992813,822
24790385,929
13139143,293
23684475,926
11105468,834
24046971,927
4168745,955
3902491,255
27278722,710
14359800,645
13190381,332
8338522,282
2057269,202
9153696,283
4168722,954
1344548,948
11777154,567
22521187,437
11105437,833
20264195,867
9442471,577
16395469,880
27424152,60
2161690,952
9217207,285
10992866,823
12811405,596
15187112,331
8707285,959
3054716,220
10980594,305
11656431,322
22521142,436
21744936,692
23588098,718
8178715,786
1963121,504
9893115,797
4979769,742
12063949,323
18853220,680
7916551,273
9726996,613
17579407,371
2505889,511
25173260,921
3370149,221
8922129,276
11090992,831
8621091,966
18343348,416
22521331,439
6638787,238
20032919,430
24878557,724
4023447,223
10806286,562
17812897,863
10132520,815
15973451,355
4451578,265
5971168,233
25269564,932
11603059,592
22334864,701
11132000,835
11107424,990
11545722,321
25797955,404
27991392,386
11105405,832
3370214,515
2981114,219
23557565,712
10728568,278
17425879,356
4009180,513
10992710,821
1864958,212
6378628,237
1985784,213
22521278,438
12575830,800
2264265,506
18853364,605
23821703,455
19463621,392
15594496,871
17589730,603
17927657,413
25470334,886
14736411,826
11091031,619
21996620,916
6796641,538
9205124,975
12971471,597
24052834,468
25721989,729
8297843,961
4683081,527
24894570,477
9702785,796
19758133,681
10993083,825
3370258,516
12576157,641
16422360,663
17101863,896
8662440,775
27499671,945
14261740,818
27991197,159
11548038,984
11103636,983
12140027,594
23436326,441
8461764,555
14359954,647
23137323,376
4146547,258
13041047,327
9201119,974
4146529,257
28353749,737
6223157,236
11054555,807
8461815,556
20552782,913
23811091,454
27499739,946
17173625,602
23557348,925
26850321,406
23473386,448
8549645,254
6880762,766
10992949,824
23500021,717
10425610,622
7593449,249
28118070,172
8662297,272
10325251,298
17609875,389
11349262,589
4021657,222
15594821,350
9313572,286
26209316,700
7368157,546
2506133,740
26455072,1014
9313592,287
28283928,735
17904849,396
6223254,266
26395737,383
11124069,315
1910216,507
23137465,686
3649006,521
4060644,754
17353938,367
28329066,412
7628200,271
17165528,366
17679568,899
23557304,924
23557255,923
18656509,999
7628182,270
16192788,352
14261562,817
9446776,288
17573090,370
7402888,248
14359843,646
17679604,900
5979553,545
23473308,716
27499613,494
10497374,587
19271462,1005
14884577,649
12066494,839
14972654,337
24909680,474
18573066,677
9766534,578
15601359,655
9057954,540
12519063,845
20225821,905
5838455,542
24717135,380
7700035,551
8462013,554
23207775,706
25178052,723
11464421,633
19461991,679
16193189,358
23555890,909
18306881,1002
16338595,361
24278810,379
3874386,518
14401200,334
17942394,604
22370104,1011
20225882,393
27664342,734
10997460,579
3628608,519
17864552,864
9379573,294
21720887,870
20698949,423
4497093,524
8298239,962
18702229,417
22503367,704
24717283,698
11580972,566
21938129,432
1588922,497
18530239,424
19126149,1000
5838577,768
4964066,230
8662575,779
25526059,943
14665327,854
20334468,344
9059903,795
1357484,496
26095414,708
25612092,487
9039413,568
20586375,915
2481819,510
8807992,558
3397261,741
20961277,906
20535292,346
26109769,941
14261777,819
12971532,598
9283143,284
22554515,446
8808010,781
2199280,214
10137160,812
17092562,665
24717217,381
28016499,387
27377531,493
15844906,656
4497060,226
16387611,888
5226157,544
23467906,442
26197865,486
19271617,419
9449082,571
9102948,801
20346840,1006
18876373,418
16193024,876
1638113,499
25177978,401
8830588,970
5627566,531
17182714,364
10108827,290
12582839,805
15546342,860
11055012,588
18568725,425
10807222,982
27317942,45
16203744,351
12810202,642
10717116,561
9518990,583
27971208,67
16117712,343
8333142,253
6260595,770
9379774,277
28016282,481
22519398,685
28118687,161
25624244,1008
9498531,581
6905690,767
11386768,799
24415817,928
10178469,586
10952600,625
9498580,814
6407972,536
11249644,291
16193471,353
19785317,891
10997742,828
17479233,996
10838001,816
7229238,243
12072928,844
18046538,662
10598336,623
13426601,848
6643469,240
8556523,787
13164472,329
11950020,986
16117639,993
23207444,687
3755840,753
17505905,862
18853475,678
23588376,467
1912733,738
6408167,537
9486108,979
11061031,563
22326981,435
20960939,394
27317813,22
15974244,658
23238394,707
9486088,978
12066593,840
11249457,300
25591323,688
11249417,299
9379628,570
20295313,868
11349768,804
7800785,251
3874706,750
8800047,968
12093205,639
17110699,897
27858457,936
5476321,231
4534269,205
7333840,550
10108762,289
11716464,838
23465636,919
20225783,904
9379657,809
26633822,731
4806528,762
18044633,865
17505990,369
6207377,532
22355588,702
25126560,931
14417722,648
20225744,903
20295376,869
12171103,842
10997568,629
6184886,235
25167464,728
25869920,382
9121633,806
1349631,208
23500429,464
14665516,850
5574561,763
9518948,582
10649428,626
6184869,234
11249488,301
15355671,601
23600791,451
15404820,654
