21768524,1089
20066610,1292
3600439,1170
21162305,1081
710665,1582
3612734,794
710656,1581
22284634,1101
19439911,910
667674,2008
26110366,2010
9050265,1665
21969244,1717
27836861,953
21770586,1300
710685,1585
25520540,1130
20019499,1709
710673,1583
11870376,867
27652536,1334
710679,1584
2781192,1157
710697,1587
3616787,1185
3612690,793
17764650,1273
2199558,1154
9064621,1219
1882164,1629
710691,1586
1812529,958
5546105,825
17897791,1700
710714,1589
1359904,760
20025604,1282
15536347,1256
9150652,853
20343041,1079
710706,1588
2721808,976
8056899,1210
19065113,1074
25010497,941
24072530,1319
26376621,1721
26149325,946
710735,1591
2054234,1632
19585391,1708
10989792,1228
10721508,1674
710725,1590
710744,1592
3612772,795
26124759,945
27462137,1137
5304331,1203
17873227,1699
10467523,1673
21621012,1082
3604585,785
23007489,1306
6391870,1007
24072496,1318
4474916,991
19034434,1278
710762,1593
7927832,1656
25891306,1329
16677018,1691
27308485,1333
27462085,1136
9064684,1220
1863803,1149
3539038,782
24078598,1123
4816935,2032
20019521,1874
3133534,1161
710782,1595
18479469,1864
3586112,1642
19218781,907
17432945,891
20025674,1283
20066636,1293
9226483,1038
710773,1594
8296700,1661
11804727,866
710798,1597
11950129,1678
5572828,1002
17447299,1696
15532135,881
710790,1596
17430917,1695
20064703,1078
20066722,1295
6621431,1010
3604644,786
710814,1599
17432991,892
13111390,1249
15575162,1060
3616928,1186
10293253,1224
24072694,1321
18356614,1704
710805,1598
22284785,1103
710831,1601
26378548,947
19132811,1279
9064486,1217
710823,1600
9437246,857
6621387,1009
18479543,1865
3379356,1164
3600537,1171
23572936,1310
655544,2044
20066689,1294
5605601,1006
9390139,1039
2779295,977
20969866,1894
1843370,766
11788293,865
3434637,983
20343181,1080
20025743,1284
3600630,1172
3604725,788
710863,1604
10330202,860
710848,1602
15534113,1056
710854,1603
24879540,938
8988761,1033
10762356,1675
9355356,856
22481284,1107
10293320,1225
2775292,1635
13111327,250
9011281,851
3606763,986
20019693,1876
24885670,1909
5087379,816
11941993,1677
19585481,1868
9064559,1218
20066775,1296
17433068,893
3369179,980
24072582,1320
3586268,1643
3604698,787
8110217,835
15058961,1055
22284704,1102
710911,1605
9011313,852
3616975,1187
1978599,1151
22286765,1303
21770673,1301
17437172,1270
11547058,1231
24408183,1322
2144547,1633
20019250,1872
710924,1607
24078440,1121
18655251,1073
710917,1606
27478194,1140
710939,1609
13109722,1052
2560309,1155
28283068,1339
710931,1608
6621563,1011
17428523,1263
18812989,1277
3617043,1188
18669625,905
12005778,1232
21768293,1086
13103598,1243
14750152,1252
11950492,1679
9466299,1223
1878317,959
710968,1610
20066305,1290
710974,1611
4120840,810
8800700,1031
14782941,1253
13111798,1250
18012205,1703
710986,1612
8415686,1028
19427439,1281
7928115,1657
4821253,1199
22007836,1302
711001,1614
8110383,837
9218521,1037
3613025,796
23607344,1900
2982260,779
17432659,889
3037556,2033
710993,1613
17913930,1702
26124498,944
17324117,1693
27795657,952
17909872,1070
22284342,1097
711022,1616
5572915,1003
9206250,1667
23261194,1309
21768230,1085
711008,1615
20066396,1291
3084608,1160
18636909,903
23652378,1111
6760722,1015
20027465,1890
4190534,1196
8110340,836
8059141,1659
3019183,1158
711051,1618
9697552,1672
17430668,1694
17432716,890
711043,1617
11061539,1043
24072417,1516
2671015,776
20027554,1892
1843592,767
711070,1619
7178747,1016
11870485,868
22284532,1100
12065051,1680
711086,2042
6922700,831
24269019,1518
8798504,849
2034097,967
13109606,1051
4975097,993
20027523,1891
20019332,1873
15536469,1473
6408664,1008
9058608,1666
21768439,1088
17455287,1697
27209760,1526
4002301,1192
11731313,864
3613171,797
711116,1621
21770379,1508
1808860,1626
13109504,1050
711107,1620
24078500,1122
1976786,963
28002427,1142
23335088,1512
25270357,1910
11061629,1044
19439871,909
21768347,1087
17430750,1857
27641983,1141
24072372,1515
22284426,1098
711124,1724
17455339,1861
21751980,1083
22284467,1099
12767525,1457
28305473,1144
37358,1145
21049521,1506
21770431,1509
25596018,1521
2146773,774
3547584,783
5718432,2056
20066507,1496
23677801,1112
711178,1726
7178863,1018
2255393,972
22285143,1106
1808920,1813
24075116,1904
9214600,1841
20020022,1883
15008493,880
19440417,917
711168,1725
13101772,1048
21769024,1093
19249972,1867
20015906,1076
23942008,1514
9220762,1445
20017961,1494
711186,1727
21961556,1895
3613226,798
13103834,1464
27462588,1139
10867386,1451
15532748,883
20019987,1882
20067095,1501
7178826,1017
711213,1729
8364629,848
2753030,777
3133954,1162
2245135,2014
711204,1728
711227,1730
7957064,2024
17765181,1487
27366293,1528
2134554,1152
21769079,1094
17433398,898
24075055,1903
23546663,2021
711241,1731
3613298,799
12776071,1458
21766923,923
1976921,964
5573149,1004
23198505,1898
23534383,1899
11924223,1455
1679954,765
2021973,1820
8243761,1027
19499897,1075
9220829,1446
1808970,1814
17433438,899
23571251,1109
4975133,994
653904,2026
711248,1732
4633126,1198
8981224,1032
20020048,1884
24075020,1902
10318585,1450
3603024,1823
15008397,879
13103788,1463
1878647,2031
19440475,918
711292,1733
4741694,1828
24470274,937
17101692,1476
5126706,1829
3791428,1827
17781617,1488
2394788,973
23940078,1114
1976986,966
711308,1735
20067253,1502
3613374,800
2034323,968
25250572,1129
11807290,1045
711301,1734
7179001,1020
23204854,1511
19684281,1870
23069686,931
27497268,1531
24882146,1127
1976965,965
13103707,1462
21769170,1095
26377008,1912
20020114,1885
711342,1737
19428237,1489
711334,1736
11106820,1847
15532611,882
1878706,960
12583535,869
25011149,942
21767166,924
8297164,1840
2134679,1153
711357,1739
13111920,1468
11411988,863
1413807,1147
711350,1738
20020208,1887
5571219,827
711372,1741
697037,759
5573273,1005
711364,1740
7178941,1019
711385,1743
17609689,1484
3617505,1189
5286535,1000
25998171,1525
1843909,768
711379,1742
12765725,1047
23376827,1513
711405,1745
1858294,1817
27308874,2053
711398,1744
1317625,1812
711418,1747
20020162,1886
8622711,1444
23571345,1110
711411,1746
21762998,1507
24075154,1905
8694394,1030
9103988,1035
26379117,950
23198305,1897
711432,1749
5126988,1830
711438,1750
7926653,1442
13104066,1467
7947135,2005
1809180,1815
2149162,971
711424,1748
711450,1752
27456182,1530
9466757,1448
13800388,1470
707356,2013
23464561,1108
9169811,1036
26114711,1911
9442187,1447
7920484,1838
7189360,1440
16724961,1475
711444,1751
5722999,1206
3621654,806
17609262,1483
711464,1754
17433134,894
21768809,1091
711471,1755
19440128,911
8661932,1029
711456,1753
15535046,1058
15532992,885
16018373,1063
711483,1757
3613444,801
25273012,943
12145551,1456
7179098,1023
20369921,1505
13894632,878
1807141,1148
20060684,1893
711477,1756
711499,1759
5571350,828
5286679,1001
24070694,1115
668483,2023
3232635,1163
1954646,1150
10980331,1042
10867689,1452
711492,1758
7189311,1209
711512,1761
711518,1762
3584867,1165
711506,1760
20019817,1878
7926563,1441
28117744,1143
7179058,1022
27431618,1529
5157674,1436
24521247,1124
3601247,1427
711526,1763
17232488,1478
18881103,1866
20066882,1498
26378976,949
7179039,1021
17433209,895
21981756,1096
9567202,1844
711548,1765
3613504,802
1954661,1422
20019785,1877
21768758,1090
711541,1764
711562,1767
7810038,1026
8111103,840
9054990,1034
13792090,1469
711554,1766
27462186,1138
1844118,769
9216774,854
5016518,996
20019903,1880
5569476,1836
19440314,915
711577,1768
1807247,1411
2249652,1423
8111074,839
20066984,1499
3105715,780
3378095,981
13106010,1850
15014776,1853
11105035,1453
22285047,1105
4975599,995
1807295,1412
17433261,896
17427118,1064
13103982,1466
5553150,1833
20019869,1879
19534468,1493
3613592,803
8799030,850
6663125,1013
10738448,1846
17414846,1856
26378795,948
7179220,1025
22336237,1510
711600,17691
15532882,884
19563242,919
23808683,1113
7926712,1443
20019953,1881
711627,1771
17765068,1486
7179177,1024
3613681,805
1864660,1421
711618,1770
20808437,2009
19440353,916
24074917,1901
24070820,1116
13103881,1465
711643,1773
20067041,1500
19684089,1869
22284930,1104
17433298,897
26335817,1999
711635,1772
15534903,1057
16349987,1854
5553032,1832
10126151,858
6663047,1012
1807353,1413
24427153,1988
8111005,838
28201544,1532
13105953,1849
711661,1776
21768870,1092
703456,1723
711649,1774
711655,1775
3613637,804
24879752,939
711673,1778
25248370,2054
17253107,888
711667,1777
12168007,1046
709640,1340
17431818,1858
709646,1341
24071530,1118
8176762,842
17435911,1065
711687,1779
27248016,951
709658,1343
5270593,999
17444123,1067
13030615,1460
1807375,1414
5157976,1437
24075640,1982
24878434,1990
23848306,2018
711703,1780
709652,1342
5252175,817
13110487,1053
4232287,1432
9313425,1842
709674,1345
711722,1782
24089933,1517
709666,1344
711712,1781
26455487,1132
5090403,997
711738,1784
3603458,1824
709693,1346
20811012,2015
5569646,1837
711729,1783
3556365,2020
709706,1348
711753,1786
19684715,1871
19428704,1491
709699,1347
711745,1785
15535295,1059
711768,1788
24075580,1907
17927493,1071
27450870,2002
2673789,975
14394509,2025
709725,1351
711762,1787
4819987,992
709712,1349
24884513,1519
4244507,811
15836333,887
24071473,1117
5125137,1435
21767468,925
17757551,1485
14605503,1851
3601492,1428
711784,1790
8176671,841
3585109,1424
711791,1791
16727194,1855
17679723,900
709741,1353
25769441,1524
711776,1789
709734,1352
1809526,1816
5270560,998
24874251,1125
1807471,1415
709756,1355
17528189,1482
711805,1793
709750,1354
711798,1792
1535082,956
6663195,1014
3423306,1822
25769225,1522
711818,1794
709773,1357
1981593,1818
5553374,1834
11105314,1454
5252318,819
14777455,1852
709765,1356
3615911,987
25769241,1523
711832,1796
17110417,1477
709789,1359
24071671,1119
711826,1795
17431955,1859
10107905,1845
10519615,862
709781,1358
3611816,2041
17436074,1066
709802,1361
3585170,1425
8176858,844
19426702,1280
3851411,808
3601567,1429
711840,1797
24874455,1324
709796,1360
17448356,1860
711865,1799
709822,1364
24075736,1983
26078516,1331
709808,1362
711856,1798
1985700,2047
709814,1363
3402894,982
709834,1366
711883,1801
3990783,809
7953594,1839
17438158,1480
3103979,1821
22486416,2048
711874,1800
1981650,1819
26115394,1998
24071586,1315
709828,1365
21656965,2007
9358431,1222
709851,1367
711896,1802
24053180,933
9217112,855
4682899,1434
711903,1803
3599584,984
8176811,843
3603695,1825
19428850,1492
5252235,818
24884645,1520
709870,1370
9063535,1215
711916,1805
24878492,1991
709857,1368
23496074,932
711910,1804
709863,1369
22986163,1896
3106014,781
20215239,1504
711934,1807
709885,1372
1807587,1416
3046614,2057
17436144,1265
17427954,1262
20063694,921
1805542,957
4142273,1431
23252381,1308
709877,1371
711925,1806
709899,1374
13030855,1461
9469332,1843
2034968,969
711949,1809
22334558,1304
3616060,1176
23587947,1311
711942,1808
25173133,1994
9192833,2006
709893,1373
709912,1376
709918,1377
1807631,1417
21769300,1299
711955,1810
20020267,1889
709905,1375
24896615,940
1412360,954
20063276,920
3611924,1826
6231419,1438
709932,1379
17767465,1863
15779287,886
17478701,1481
17353761,1261
1420606,955
18394164,1275
709926,1378
709946,1381
1307942,1410
5553505,1835
3616001,1175
5299558,1831
2059560,970
709939,1380
22643811,930
20020235,1888
711990,1811
1346856,2022
9467310,1449
709964,1384
709952,1382
5547295,826
709958,1383
17464390,1862
24075299,1906
11779582,1848
1807701,1418
12957076,1459
709977,1386
15545785,1474
3612000,1930
3603822,1928
12764571,870
709971,1385
17251421,1973
697686,2028
24030259,1313
3599721,1167
16923745,1972
709998,1389
17435746,1264
5252410,820
709984,1387
4658477,1433
6786316,1208
1981810,1922
709991,1388
8176914,845
1809781,1918
677242,2036
20067398,1503
3599683,1166
11541958,1960
1910117,771
4119876,1939
10485221,1956
10092002,1954
27309088,1527
25091326,1993
1807770,1419
710025,1392
15512937,1472
17431692,1976
20018359,1495
13110607,1245
710019,1391
712067,2038
3888564,1430
710043,1393
22639820,2027
12344619,1966
10448135,1226
6430206,1949
1318280,2040
17538198,1978
6370815,1439
24071375,1314
710058,1395
3612052,1931
15945047,1258
8349141,847
710049,1394
20810902,2045
1912240,961
4302318,812
710072,1397
17214642,1259
710064,1396
13110644,1246
13102343,1236
17437899,1479
710088,1399
710095,1400
12344694,1967
710081,1398
712129,1916
19428582,1490
710104,1401
1807817,1420
20810990,2034
5569932,1945
13110545,1244
27663487,2003
2033090,772
5539252,824
5934523,1207
4246946,1197
710121,1403
710112,1402
3577309,1638
17431780,1977
21142703,1979
24075393,1981
14982420,1968
3603908,1929
710137,1405
9047420,1214
8177035,846
24896643,1128
17534195,1271
710128,1404
1809888,1919
4144580,1941
4120000,1940
4976052,1200
710154,1406
22507348,1305
7878267,1653
25522061,1328
26378138,2000
21768006,926
5545567,1943
22284123,928
27692983,1336
20066080,1287
11941541,1676
7700,2011
10421898,861
20311840,1297
710175,1409
17436444,1268
687634,2017
17909512,901
3599916,1168
1807873,1622
3616300,1177
710161,1407
17334035,1974
710167,1408
2180671,775
5303921,1202
8037982,833
12957411,1681
710189,1534
9467575,1668
5570163,1947
17334048,1975
5273209,1650
710182,1533
5226111,1942
10837653,1957
5252705,822
15535836,1255
710201,1536
23254865,1719
710195,1535
21968755,1716
24078160,934
13102725,1238
3018349,979
710217,1538
2774638,1634
19081061,906
16744121,1971
26378197,2001
710210,1537
9467608,1669
5570079,1946
3602041,1644
1810004,1920
3612280,1933
4965912,815
17436505,1269
5256708,1649
19093367,1706
695902,1914
710236,1540
13108880,874
4140644,1195
1807941,1624
710229,1539
12764835,871
712299,1917
24436501,1989
3577428,1639
25448416,1327
1810047,1921
23445251,2030
710253,1541
1840763,1627
20027231,1712
3665496,1191
687717,2035
710267,1542
13102773,1239
3612229,1932
2754142,778
19425117,908
17338237,1260
13104816,1684
4140613,1194
5252652,821
11804360,1962
1844833,770
3606088,790
2657960,1156
710283,1543
20027314,1714
3612339,1934
11419178,1959
15545963,1687
2244261,1923
18655127,904
21768128,927
7743227,832
11464227,1230
8038132,834
13102665,1237
2029201,1630
22284229,929
710296,1545
3546788,1927
3616419,1178
2784956,1924
710290,1544
1212040,2039
5252811,823
19093437,1707
17094555,1692
15545932,1686
23744463,1312
7626449,1952
8038108,2043
710317,1548
3602078,1645
24895443,1992
13108833,873
710304,1546
710311,1547
11787805,1961
15920705,1257
710335,1550
65205,1913
7405254,1951
3606144,791
27248423,1134
12185089,1234
13104767,1683
23394269,1720
710327,1549
20027276,1713
13104761,1682
3104400,1925
3622647,807
3616501,1179
710344,1551
710350,1552
8910403,1664
5545616,1944
1410768,762
5713554,1205
3612402,1935
3585776,1640
4009719,1193
28200830,1338
20066272,1289
3606242,792
20027364,1715
1871553,2050
12185191,1235
24076209,1986
3059404,1159
5090990,1201
25272165,1995
710369,1553
3618523,1648
10505807,1227
8058504,1658
24414080,935
13110845,1247
27311958,2055
5551788,1652
6430360,1950
3600077,1169
710385,1554
1881831,1628
2053857,1631
710409,1556
8064895,1211
15380462,1254
3612479,1936
15671269,1969
13103052,1242
710401,1555
8296309,1660
2033426,773
696071,1915
9064347,1216
3538723,1926
710429,1558
13109201,876
3616558,1181
17903112,1274
5631823,1204
710416,1557
6670201,830
17665553,1272
4376415,813
24880740,1126
21984848,1718
27330176,1135
18343477,902
3536663,1637
24522322,1323
21462638,1980
1410853,763
12969968,872
3616514,1180
710463,1560
8683441,1953
12078977,1233
24454728,936
3608329,1173
710452,1559
1410858,764
13102983,1241
9121737,1221
18640473,1276
24899134,1325
10160093,859
20727419,922
13109120,875
5273370,1651
710469,1561
20065889,1285
8624086,1662
4384532,814
20729447,1298
24071732,1316
3612521,1937
26072787,2029
13682611,877
710509,1563
3616607,1182
11804638,1965
25358062,1326
15546241,1688
8804331,1663
27248368,1133
710524,1565
710515,1564
15779722,1062
25591548,1997
9725935,1040
17770100,1069
10837798,1958
20065972,1286
710541,1567
13528901,1251
26891793,1722
13102923,1240
6365165,1948
9467677,1670
26062339,1330
710533,1566
27684407,1335
16373608,1689
24076030,723
17436306,1266
3225515,1636
14665540,1054
10329862,1955
4376542,989
24071923,1317
710550,1568
9467697,1671
3602323,1646
710573,1569
17913530,1701
10741516,1041
13686655,1685
8556339,1213
11804421,1963
24078045,1120
710585,1571
27012648,2046
3616641,1183
28155419,2004
4376565,990
710579,1570
18814630,1705
3608567,1174
3602421,1647
18654936,1072
710607,1574
710592,1572
17436353,1267
710598,1573
7927735,1655
20027134,1711
2459639,974
3612643,1938
11804513,1964
17614554,1068
8302505,1212
710621,1576
3606511,985
21767825,1084
710615,1575
3586027,1641
1359817,2051
15933229,1970
13109037,1049
710636,1578
20063962,1077
710627,1577
23096970,1307
20027098,1710
24075906,1984
24313500,1987
4376499,988
28200543,1337
710648,1580
26119802,1332
11251539,1229
710642,1579
3616716,1184
3016658,978
15673107,1061
7927685,1654
1976289,962
