6195294
27367840
9220239
1681436
585742
811012
5683290
14967029
813086
813080
26071447
585772
141348
10109110
23576906
727097
13136126
813109
5793889
26898848
13801708
24578376
7143470
23705891
792646
14778538
10109137
872512
813122
2588776
1364036
28047866
792666
813146
813140
13025436
19562865
7397422
866408
581742
14815370
585826
813158
3557468
866400
27539915
9658595
13142206
835702
15136925
9470190
24074732
16742524
18629017
505984
813195
7799037
845959
6572264
9756698
813212
14733426
6230216
813206
6187202
794770
762031
13023329
9150497
28158209
813218
11468800
723108
3057793
762042
585914
8556592
26356004
151739
813237
27797779
6643931
846030
821454
18883043
4817034
9289800
7930047
26841438
9123907
28066150
784577
27035984
180429
506056
20099581
575687
575705
10309704
813268
12079202
28158326
11384944
8452189
6621371
26841415
805074
13670448
7930013
813288
16388116
26421629
15575068
9470050
755967
26214757
15484946
21604790
755979
27424938
22593617
12229041
231698
27476144
27259019
774431
862489
20586540
170267
864532
231705
16697829
12954074
10834309
24051791
862508
586027
14002672
825641
831780
7244103
862502
188716
8898995
815417
825657
7215444
835909
14733740
7883060
25706692
9396673
860483
27398389
18669632
16107945
11741649
11256264
12599716
1882489
8708578
2089332
8225037
809341
778616
778623
766334
15921543
20244546
18892887
8899056
14817694
715126
27078684
6636001
9953566
7676415
20242623
815489
9222403
15567229
27377712
5718467
20746398
838056
6635971
7250374
809381
5634555
28289050
2949531
11921679
19619985
26339370
21774576
19280025
729544
784840
19073253
715213
784834
831942
862663
25708614
758250
23044286
838120
10625351
19775691
764386
8126862
17455353
825848
766463
715263
752115
774641
13502773
715255
2089441
17896209
26854296
4196931
11535028
8897153
784908
143882
9118337
715271
7883382
805379
25744280
1450499
784915
25570200
195114
6795850
1966640
13509344
25422765
875069
1696299
10912405
782904
582204
762430
8708798
827959
17627953
827954
766516
11006692
784968
780867
1653331
8583881
20806512
16917325
723545
715352
8192558
15346361
5243401
17173338
10654462
815697
582252
5472823
16196241
4968994
633443
723552
11471555
8182289
27309005
10171124
9505507
21592893
26027000
576126
785020
819831
13097659
766583
12458559
2333344
7246569
9124359
7396093
819843
5481180
19538874
785051
11782690
582297
16343658
864920
209557
5657294
760465
9562637
26168080
789164
7805655
8899109
866990
813737
23722959
24030150
576162
715431
4782823
5561083
8303310
9329214
2333334
20568975
27456281
13509233
9329201
20241392
27798382
7246503
582340
10744430
24570808
27249482
606929
801493
25570136
864978
16519701
774906
2456279
2992858
21369791
12526150
12577348
19221467
7158636
25668228
13675478
865029
8110962
7658365
783105
28086951
15156203
582424
590623
27689649
576272
586518
791341
574250
4944744
6087540
783136
1788727
635687
27079341
576313
22301285
23833178
586554
1633066
834367
10378155
871226
777009
133951
23599701
777014
12094456
22008335
2147170
24789567
27040473
8899520
635712
768834
4782854
586584
789342
783197
20023915
20238953
4782870
16003989
18014832
20296279
20046418
16362397
4258596
12184540
781165
7246601
27472590
781179
20734539
99193
10462182
10761181
590710
28109523
15567724
8057849
865156
582530
6022097
781185
23386856
813952
15342436
16329590
15313766
1622935
23325426
15631229
99221
586640
8837917
4244444
813968
826257
7263216
7930841
27496963
12335902
781231
10310458
834470
723898
785338
27726356
582590
6231017
10627865
867279
99267
865230
7957425
28242530
8708938
99283
7246775
3752931
3556332
17085151
588756
12145511
13509416
801764
2014197
586748
5245861
1233892
17222384
27691614
14795546
8082310
785398
20341448
760840
781327
8455300
16700662
4856898
785410
8377460
1666068
1633288
22873421
25007469
2014219
6663295
10855615
27409794
5852283
18836793
9721022
4383854
8301649
785471
20602127
13135102
1424419
5575789
23551327
7246932
16329926
597071
9493720
23680290
785478
24577319
14001287
832600
19076470
23678256
785490
836691
2456698
7246863
586860
875624
25990633
10317051
9493750
8977635
13501630
8348686
8977662
7631874
7210007
9981153
822391
121978
26250733
586890
27063578
244873
607384
27149578
28124473
17184145
783516
576657
18310539
763031
1506484
777378
576675
19269001
8809527
19080598
576693
13094009
28298513
16913856
586956
21507469
18546140
1813713
763079
797889
10169430
28190048
11592831
1258691
3980526
787679
9202777
25992537
607441
26932548
14406660
763092
191714
1506551
607466
787686
17765858
25521527
3429571
587007
834811
2419933
6323354
14816287
779509
23551076
5815644
1385747
27348134
20296764
853249
632071
199952
5725507
122139
23600244
611607
195875
597293
16336349
820522
14966221
808224
12418449
24024131
5090658
25906362
767294
16940084
16336334
611633
9956783
22828128
16332216
783688
116037
27518180
802116
9956831
13518210
6429998
11732476
8687060
116051
750937
851288
511314
20046948
607573
13518227
4525339
597334
14548413
28308687
18023538
23204867
116067
24269841
20722773
116075
4189521
589176
13411773
576882
27069468
21644494
6909421
18005147
576903
599430
18844815
116115
15777122
3466668
2614716
12434722
23205058
116131
15596879
22353137
5565948
814500
21644513
14949707
21499132
1699247
9493802
11535630
6038941
22504596
763342
9381192
763331
17437888
10759528
802240
16866509
611783
2485739
8420686
607707
783832
3560933
24278182
2614770
5852559
27475061
13454612
607696
783826
4863383
3423723
15881490
783851
6909327
27118708
785893
218614
7943557
8166784
867824
26676330
27077731
26417041
27645863
6792804
10174110
859653
824836
2004503
27981729
876038
25925509
7943798
8119915
798237
9227933
611867
2924088
14022339
19478335
814619
26634126
8900255
577042
20012843
1809920
27086721
583189
27465662
12779234
8218207
720424
6110840
1035813
5832299
835129
25270198
12779263
18335528
577096
589384
8976073
804430
796232
224839
9455316
742979
17524571
814685
17082197
17676126
12779153
134740
14022285
2588231
5975608
814697
5015082
12779172
21665571
1926774
816743
577127
777851
853627
1445473
12779195
777841
21712843
806540
14403161
7659255
20082615
853640
11736635
5054148
11773501
5533403
23044046
15945319
6094539
1965697
5725899
825004
7958232
15629899
7691987
833189
3901077
816829
7958219
26206012
17883043
16518728
853688
21540863
14022253
15998541
777905
27551514
12779132
15095335
7958203
16881606
5994131
27801441
24278969
863936
26414942
26146625
17582047
564956
5852815
214747
8900191
9117265
851670
9061974
9715316
214754
5994170
7362194
1631999
8971874
28378972
14816781
575225
24436615
6903443
5994144
23891858
26672791
17438219
575243
868102
16517104
10160022
7247713
23326323
22349380
763673
2815806
4886366
9054111
23527037
12599259
15937516
575274
17088032
14587899
20725274
23889482
4120345
17821222
27236020
2076468
835361
9439136
9125819
9955238
864063
874302
18036256
7800641
825147
4829054
2455324
1926951
17694257
9054154
2133860
17165891
741209
2133874
27324148
3561315
15630267
7948067
8808408
833389
11096008
6379269
749422
575342
733037
9054188
7429915
20559445
9437155
720743
585574
19480155
10833878
9437178
733045
733066
23598826
3278769
575371
12779332
17168002
5658588
733056
733061
19932863
14001989
9123607
15484785
23326461
2826123
8703781
4945902
733091
573348
16334678
835517
1789865
23619292
17524403
790455
585673
8703809
2336745
870337
17438427
14022407
24893103
21606044
7346086
17153757
19316479
20733669
26340939
12779288
229343
23647924
6250368
772075
810989
23606924
581614
585710
11396933
235497
22324926
12779310
15920925
9054072
864254
813048
1941476
23551644
5752745
